650.000
650.4205
651.3523
652.2841
653.216
654.1478
655.0796
656.0115
656.9433
657.8751
658.807
659.7388
660.6706
661.6025
662.5343
663.4661
664.398
665.3298
666.2616
667.1935
668.1253
669.0571
669.989
670.9208
671.8526
672.7845
673.7163
674.6481
675.58
676.5118
677.4437
678.3755
679.3073
680.2392
681.171
682.1028
683.0347
683.9665
684.8983
685.8302
686.762
687.6938
688.6257
689.5575
690.4893
691.4212
692.353
693.2848
694.2167
695.1485
696.0803
697.0122
697.944
698.8758
699.8077
700.7395
701.6713
702.6032
703.535
704.4669
705.3987
706.3305
707.2624
708.1942
709.126
710.0579
710.9897
711.9215
712.8534
713.7852
714.717
715.6489
716.5807
717.5125
718.4444
719.3762
720.308
721.2399
722.1717
723.1035
724.0354
724.9672
725.899
726.8309
727.7627
728.6945
729.6264
730.5582
731.4901
732.4219
733.3537
734.2856
735.2174
736.1492
737.0811
738.0129
738.9447
739.8766
740.8084
741.7402
742.6721
743.6039
744.5357
745.4676
746.3994
747.3312
748.2631
749.1949
750.1267
751.0586
751.9904
752.9222
753.8541
754.7859
755.7177
756.6496
757.5814
758.5132
759.4451
760.3769
761.3088
762.2406
763.1724
764.1043
765.0361
765.9679
766.8998
767.8316
768.7634
769.6953
770.6271
771.5589
772.4908
773.4226
774.3544
775.2863
776.2181
777.1499
778.0818
779.0136
779.9454
780.8773
781.8091
782.7409
783.6728
784.6046
785.5364
786.4683
787.4001
788.332
789.2638
790.1956
791.1275
792.0593
792.9911
793.923
794.8548
795.7866
796.7185
797.6503
798.5821
799.514
800.4458
801.3776
802.3095
803.2413
804.1731
805.105
806.0368
806.9686
807.9005
808.8323
809.7641
810.696
811.6278
812.5596
813.4915
814.4233
815.3552
816.287
817.2188
818.1507
819.0825
820.0143
820.9462
821.878
822.8098
823.7417
824.6735
825.6053
826.5372
827.469
828.4008
829.3327
830.2645
831.1963
832.1282
833.06
833.9918
834.9237
835.8555
836.7873
837.7192
838.651
839.5828
840.5147
841.4465
842.3784
843.3102
844.242
845.1739
846.1057
847.0375
847.9694
848.9012
849.833
850.7649
851.6967
852.6285
853.5604
854.4922
855.424
856.3559
857.2877
858.2195
859.1514
860.0832
861.015
861.9469
862.8787
863.8105
864.7424
865.6742
866.606
867.5379
868.4697
869.4016
870.3334
871.2652
872.1971
873.1289
874.0607
874.9926
875.9244
876.8562
877.7881
878.7199
879.6517
880.5836
881.5154
882.4472
883.3791
884.3109
885.2427
886.1746
887.1064
888.0382
888.9701
889.9019
890.8337
891.7656
892.6974
893.6292
894.5611
895.4929
896.4247
897.3566
898.2884
899.2203
900.1521
901.0839
902.0158
902.9476
903.8794
904.8113
905.7431
906.6749
907.6068
908.5386
909.4704
910.4023
911.3341
912.2659
913.1978
914.1296
915.0614
915.9933
916.9251
917.8569
918.7888
919.7206
920.6524
921.5843
922.5161
923.4479
924.3798
925.3116
926.2435
927.1753
928.1071
929.039
929.9708
930.9026
931.8345
932.7663
933.6981
934.63
935.5618
936.4936
937.4255
938.3573
939.2891
940.221
941.1528
942.0846
943.0165
943.9483
944.8801
945.812
946.7438
947.6756
948.6075
949.5393
950.4711
951.403
952.3348
953.2667
954.1985
955.1303
956.0622
956.994
957.9258
958.8577
959.7895
960.7213
961.6532
962.585
963.5168
964.4487
965.3805
966.3123
967.2442
968.176
969.1078
970.0397
970.9715
971.9033
972.8352
973.767
974.6988
975.6307
976.5625
977.4943
978.4262
979.358
980.2899
981.2217
982.1535
983.0854
984.0172
984.949
985.8809
986.8127
987.7445
988.6764
989.6082
990.54
991.4719
992.4037
993.3355
994.2674
995.1992
996.131
997.0629
997.9947
998.9265
999.8584
1000.7902
1001.722
1002.6539
1003.5857
1004.5175
1005.4494
1006.3812
1007.3131
1008.2449
1009.1767
1010.1086
1011.0404
1011.9722
1012.9041
1013.8359
1014.7677
1015.6996
1016.6314
1017.5632
1018.4951
1019.4269
1020.3587
1021.2906
1022.2224
1023.1542
1024.0861
1025.0179
1025.9497
1026.8816
1027.8134
1028.7452
1029.6771
1030.6089
1031.5407
1032.4726
1033.4044
1034.3362
1035.2681
1036.1999
1037.1318
1038.0636
1038.9954
1039.9273
1040.8591
1041.7909
1042.7228
1043.6546
1044.5864
1045.5183
1046.4501
1047.3819
1048.3138
1049.2456
1050.1774
1051.1093
1052.0411
1052.9729
1053.9048
1054.8366
1055.7684
1056.7003
1057.6321
1058.5639
1059.4958
1060.4276
1061.3594
1062.2913
1063.2231
1064.155
1065.0868
1066.0186
1066.9505
1067.8823
1068.8141
1069.746
1070.6778
1071.6096
1072.5415
1073.4733
1074.4051
1075.337
1076.2688
1077.2006
1078.1325
1079.0643
1079.9961
1080.928
1081.8598
1082.7916
1083.7235
1084.6553
1085.5871
1086.519
1087.4508
1088.3826
1089.3145
1090.2463
1091.1782
1092.11
1093.0418
1093.9737
1094.9055
1095.8373
1096.7692
1097.701
1098.6328
1099.5647
1100.4965
1101.4283
1102.3602
1103.292
1104.2238
1105.1557
1106.0875
1107.0193
1107.9512
1108.883
1109.8148
1110.7467
1111.6785
1112.6103
1113.5422
1114.474
1115.4058
1116.3377
1117.2695
1118.2014
1119.1332
1120.065
1120.9969
1121.9287
1122.8605
1123.7924
1124.7242
1125.656
1126.5879
1127.5197
1128.4515
1129.3834
1130.3152
1131.247
1132.1789
1133.1107
1134.0425
1134.9744
1135.9062
1136.838
1137.7699
1138.7017
1139.6335
1140.5654
1141.4972
1142.429
1143.3609
1144.2927
1145.2246
1146.1564
1147.0882
1148.0201
1148.9519
1149.8837
1150.8156
1151.7474
1152.6792
1153.6111
1154.5429
1155.4747
1156.4066
1157.3384
1158.2702
1159.2021
1160.1339
1161.0657
1161.9976
1162.9294
1163.8612
1164.7931
1165.7249
1166.6567
1167.5886
1168.5204
1169.4522
1170.3841
1171.3159
1172.2477
1173.1796
1174.1114
1175.0433
1175.9751
1176.9069
1177.8388
1178.7706
1179.7024
1180.6343
1181.5661
1182.4979
1183.4298
1184.3616
1185.2934
1186.2253
1187.1571
1188.0889
1189.0208
1189.9526
1190.8844
1191.8163
1192.7481
1193.6799
1194.6118
1195.5436
1196.4754
1197.4073
1198.3391
1199.2709
1200.2028
1201.1346
1202.0665
1202.9983
1203.9301
1204.862
1205.7938
1206.7256
1207.6575
1208.5893
1209.5211
1210.453
1211.3848
1212.3166
1213.2485
1214.1803
1215.1121
1216.044
1216.9758
1217.9076
1218.8395
1219.7713
1220.7031
1221.635
1222.5668
1223.4986
1224.4305
1225.3623
1226.2941
1227.226
1228.1578
1229.0897
1230.0215
1230.9533
1231.8852
1232.817
1233.7488
1234.6807
1235.6125
1236.5443
1237.4762
1238.408
1239.3398
1240.2717
1241.2035
1242.1353
1243.0672
1243.999
1244.9308
1245.8627
1246.7945
1247.7263
1248.6582
1249.59
1250.5218
1251.4537
1252.3855
1253.3173
1254.2492
1255.181
1256.1129
1257.0447
1257.9765
1258.9084
1259.8402
1260.772
1261.7039
1262.6357
1263.5675
1264.4994
1265.4312
1266.363
1267.2949
1268.2267
1269.1585
1270.0904
1271.0222
1271.954
1272.8859
1273.8177
1274.7495
1275.6814
1276.6132
1277.545
1278.4769
1279.4087
1280.3405
1281.2724
1282.2042
1283.1361
1284.0679
1284.9997
1285.9316
1286.8634
1287.7952
1288.7271
1289.6589
1290.5907
1291.5226
1292.4544
1293.3862
1294.3181
1295.2499
1296.1817
1297.1136
1298.0454
1298.9772
1299.9091
1300.8409
1301.7727
1302.7046
1303.6364
1304.5682
1305.5001
1306.4319
1307.3637
1308.2956
1309.2274
1310.1592
1311.0911
1312.0229
1312.9548
1313.8866
1314.8184
1315.7503
1316.6821
1317.6139
1318.5458
1319.4776
1320.4094
1321.3413
1322.2731
1323.2049
1324.1368
1325.0686
1326.0004
1326.9323
1327.8641
1328.7959
1329.7278
1330.6596
1331.5914
1332.5233
1333.4551
1334.3869
1335.3188
1336.2506
1337.1824
1338.1143
1339.0461
1339.978
1340.9098
1341.8416
1342.7735
1343.7053
1344.6371
1345.569
1346.5008
1347.4326
1348.3645
1349.2963
1350.2281
1351.16
1352.0918
1353.0236
1353.9555
1354.8873
1355.8191
1356.751
1357.6828
1358.6146
1359.5465
1360.4783
1361.4101
1362.342
1363.2738
1364.2056
1365.1375
1366.0693
1367.0012
1367.933
1368.8648
1369.7967
1370.7285
1371.6603
1372.5922
1373.524
1374.4558
1375.3877
1376.3195
1377.2513
1378.1832
1379.115
1380.0468
1380.9787
1381.9105
1382.8423
1383.7742
1384.706
1385.6378
1386.5697
1387.5015
1388.4333
1389.3652
1390.297
1391.2288
1392.1607
1393.0925
1394.0244
1394.9562
1395.888
1396.8199
1397.7517
1398.6835
1399.6154
1400.5472
1401.479
1402.4109
1403.3427
1404.2745
1405.2064
1406.1382
1407.07
1408.0019
1408.9337
1409.8655
1410.7974
1411.7292
1412.661
1413.5929
1414.5247
1415.4565
1416.3884
1417.3202
1418.252
1419.1839
1420.1157
1421.0476
1421.9794
1422.9112
1423.8431
1424.7749
1425.7067
1426.6386
1427.5704
1428.5022
1429.4341
1430.3659
1431.2977
1432.2296
1433.1614
1434.0932
1435.0251
1435.9569
1436.8887
1437.8206
1438.7524
1439.6842
1440.6161
1441.5479
1442.4797
1443.4116
1444.3434
1445.2752
1446.2071
1447.1389
1448.0707
1449.0026
1449.9344
1450.8663
1451.7981
1452.7299
1453.6618
1454.5936
1455.5254
1456.4573
1457.3891
1458.3209
1459.2528
1460.1846
1461.1164
1462.0483
1462.9801
1463.9119
1464.8438
1465.7756
1466.7074
1467.6393
1468.5711
1469.5029
1470.4348
1471.3666
1472.2984
1473.2303
1474.1621
1475.0939
1476.0258
1476.9576
1477.8895
1478.8213
1479.7531
1480.685
1481.6168
1482.5486
1483.4805
1484.4123
1485.3441
1486.276
1487.2078
1488.1396
1489.0715
1490.0033
1490.9351
1491.867
1492.7988
1493.7306
1494.6625
1495.5943
1496.5261
1497.458
1498.3898
1499.3216
1500.2535
1501.1853
1502.1171
1503.049
1503.9808
1504.9127
1505.8445
1506.7763
1507.7082
1508.64
1509.5718
1510.5037
1511.4355
1512.3673
1513.2992
1514.231
1515.1628
1516.0947
1517.0265
1517.9583
1518.8902
1519.822
1520.7538
1521.6857
1522.6175
1523.5493
1524.4812
1525.413
1526.3448
1527.2767
1528.2085
1529.1403
1530.0722
1531.004
1531.9359
1532.8677
1533.7995
1534.7314
1535.6632
1536.595
1537.5269
1538.4587
1539.3905
1540.3224
1541.2542
1542.186
1543.1179
1544.0497
1544.9815
1545.9134
1546.8452
1547.777
1548.7089
1549.6407
1550.5725
1551.5044
1552.4362
1553.368
1554.2999
1555.2317
1556.1635
1557.0954
1558.0272
1558.9591
1559.8909
1560.8227
1561.7546
1562.6864
1563.6182
1564.5501
1565.4819
1566.4137
1567.3456
1568.2774
1569.2092
1570.1411
1571.0729
1572.0047
1572.9366
1573.8684
1574.8002
1575.7321
1576.6639
1577.5957
1578.5276
1579.4594
1580.3912
1581.3231
1582.2549
1583.1867
1584.1186
1585.0504
1585.9822
1586.9141
1587.8459
1588.7778
1589.7096
1590.6414
1591.5733
1592.5051
1593.4369
1594.3688
1595.3006
1596.2324
1597.1643
1598.0961
1599.0279
1599.9598
1600.8916
1601.8234
1602.7553
1603.6871
1604.6189
1605.5508
1606.4826
1607.4144
1608.3463
1609.2781
1610.2099
1611.1418
1612.0736
1613.0054
1613.9373
1614.8691
1615.801
1616.7328
1617.6646
1618.5965
1619.5283
1620.4601
1621.392
1622.3238
1623.2556
1624.1875
1625.1193
1626.0511
1626.983
1627.9148
1628.8466
1629.7785
1630.7103
1631.6421
1632.574
1633.5058
1634.4376
1635.3695
1636.3013
1637.2331
1638.165
1639.0968
1640.0286
1640.9605
1641.8923
1642.8242
1643.756
1644.6878
1645.6197
1646.5515
1647.4833
1648.4152
1649.347
1650.2788
1651.2107
1652.1425
1653.0743
1654.0062
1654.938
1655.8698
1656.8017
1657.7335
1658.6653
1659.5972
1660.529
1661.4608
1662.3927
1663.3245
1664.2563
1665.1882
1666.12
1667.0518
1667.9837
1668.9155
1669.8474
1670.7792
1671.711
1672.6429
1673.5747
1674.5065
1675.4384
1676.3702
1677.302
1678.2339
1679.1657
1680.0975
1681.0294
1681.9612
1682.893
1683.8249
1684.7567
1685.6885
1686.6204
1687.5522
1688.484
1689.4159
1690.3477
1691.2795
1692.2114
1693.1432
1694.075
1695.0069
1695.9387
1696.8706
1697.8024
1698.7342
1699.6661
1700.5979
1701.5297
1702.4616
1703.3934
1704.3252
1705.2571
1706.1889
1707.1207
1708.0526
1708.9844
1709.9162
1710.8481
1711.7799
1712.7117
1713.6436
1714.5754
1715.5072
1716.4391
1717.3709
1718.3027
1719.2346
1720.1664
1721.0982
1722.0301
1722.9619
1723.8937
1724.8256
1725.7574
1726.6893
1727.6211
1728.5529
1729.4848
1730.4166
1731.3484
1732.2803
1733.2121
1734.1439
1735.0758
1736.0076
1736.9394
1737.8713
1738.8031
1739.7349
1740.6668
1741.5986
1742.5304
1743.4623
1744.3941
1745.3259
1746.2578
1747.1896
1748.1214
1749.0533
1749.9851
1750.9169
1751.8488
1752.7806
1753.7125
1754.6443
1755.5761
1756.508
1757.4398
1758.3716
1759.3035
1760.2353
1761.1671
1762.099
1763.0308
1763.9626
1764.8945
1765.8263
1766.7581
1767.69
1768.6218
1769.5536
1770.4855
1771.4173
1772.3491
1773.281
1774.2128
1775.1446
1776.0765
1777.0083
1777.9401
1778.872
1779.8038
1780.7357
1781.6675
1782.5993
1783.5312
1784.463
1785.3948
1786.3267
1787.2585
1788.1903
1789.1222
1790.054
1790.9858
1791.9177
1792.8495
1793.7813
1794.7132
1795.645
1796.5768
1797.5087
1798.4405
1799.3723
1800.3042
1801.236
1802.1678
1803.0997
1804.0315
1804.9633
1805.8952
1806.827
1807.7589
1808.6907
1809.6225
1810.5544
1811.4862
1812.418
1813.3499
1814.2817
1815.2135
1816.1454
1817.0772
1818.009
1818.9409
1819.8727
1820.8045
1821.7364
1822.6682
1823.6
1824.5319
1825.4637
1826.3955
1827.3274
1828.2592
1829.191
1830.1229
1831.0547
1831.9865
1832.9184
1833.8502
1834.7821
1835.7139
1836.6457
1837.5776
1838.5094
1839.4412
1840.3731
1841.3049
1842.2367
1843.1686
1844.1004
1845.0322
1845.9641
1846.8959
1847.8277
1848.7596
1849.6914
1850.6232
1851.5551
1852.4869
1853.4187
1854.3506
1855.2824
1856.2142
1857.1461
1858.0779
1859.0097
1859.9416
1860.8734
1861.8052
1862.7371
1863.6689
1864.6008
1865.5326
1866.4644
1867.3963
1868.3281
1869.2599
1870.1918
1871.1236
1872.0554
1872.9873
1873.9191
1874.8509
1875.7828
1876.7146
1877.6464
1878.5783
1879.5101
1880.4419
1881.3738
1882.3056
1883.2374
1884.1693
1885.1011
1886.0329
1886.9648
1887.8966
1888.8284
1889.7603
1890.6921
1891.624
1892.5558
1893.4876
1894.4195
1895.3513
1896.2831
1897.215
1898.1468
1899.0786
1900.0105
1900.9423
1901.8741
1902.806
1903.7378
1904.6696
1905.6015
1906.5333
1907.4651
1908.397
1909.3288
1910.2606
1911.1925
1912.1243
1913.0561
1913.988
1914.9198
1915.8516
1916.7835
1917.7153
1918.6472
1919.579
1920.5108
1921.4427
1922.3745
1923.3063
1924.2382
1925.17
1926.1018
1927.0337
1927.9655
1928.8973
1929.8292
1930.761
1931.6928
1932.6247
1933.5565
1934.4883
1935.4202
1936.352
1937.2838
1938.2157
1939.1475
1940.0793
1941.0112
1941.943
1942.8748
1943.8067
1944.7385
1945.6704
1946.6022
1947.534
1948.4659
1949.3977
1950.3295
1951.2614
1952.1932
1953.125
1954.0569
1954.9887
1955.9205
1956.8524
1957.7842
1958.716
1959.6479
1960.5797
1961.5115
1962.4434
1963.3752
1964.307
1965.2389
1966.1707
1967.1025
1968.0344
1968.9662
1969.898
1970.8299
1971.7617
1972.6936
1973.6254
1974.5572
1975.4891
1976.4209
1977.3527
1978.2846
1979.2164
1980.1482
1981.0801
1982.0119
1982.9437
1983.8756
1984.8074
1985.7392
1986.6711
1987.6029
1988.5347
1989.4666
1990.3984
1991.3302
1992.2621
1993.1939
1994.1257
1995.0576
1995.9894
1996.9212
1997.8531
1998.7849
1999.7167
2000.6486
2001.5804
2002.5123
2003.4441
2004.3759
2005.3078
2006.2396
2007.1714
2008.1033
2009.0351
2009.9669
2010.8988
2011.8306
2012.7624
2013.6943
2014.6261
2015.5579
2016.4898
2017.4216
2018.3534
2019.2853
2020.2171
2021.1489
2022.0808
2023.0126
2023.9444
2024.8763
2025.8081
2026.7399
2027.6718
2028.6036
2029.5355
2030.4673
2031.3991
2032.331
2033.2628
2034.1946
2035.1265
2036.0583
2036.9901
2037.922
2038.8538
2039.7856
2040.7175
2041.6493
2042.5811
2043.513
2044.4448
2045.3766
2046.3085
2047.2403
2048.1721
2049.104
2050.0358
2050.9676
2051.8995
2052.8313
2053.7631
2054.695
2055.6268
2056.5587
2057.4905
2058.4223
2059.3542
2060.286
2061.2178
2062.1497
2063.0815
2064.0133
2064.9452
2065.877
2066.8088
2067.7407
2068.6725
2069.6043
2070.5362
2071.468
2072.3998
2073.3317
2074.2635
2075.1953
2076.1272
2077.059
2077.9908
2078.9227
2079.8545
2080.7863
2081.7182
2082.65
2083.5819
2084.5137
2085.4455
2086.3774
2087.3092
2088.241
2089.1729
2090.1047
2091.0365
2091.9684
2092.9002
2093.832
2094.7639
2095.6957
2096.6275
2097.5594
2098.4912
2099.423
2100.3549
2101.2867
2102.2185
2103.1504
2104.0822
2105.014
2105.9459
2106.8777
2107.8095
2108.7414
2109.6732
2110.6051
2111.5369
2112.4687
2113.4006
2114.3324
2115.2642
2116.1961
2117.1279
2118.0597
2118.9916
2119.9234
2120.8552
2121.7871
2122.7189
2123.6507
2124.5826
2125.5144
2126.4462
2127.3781
2128.3099
2129.2417
2130.1736
2131.1054
2132.0372
2132.9691
2133.9009
2134.8327
2135.7646
2136.6964
2137.6282
2138.5601
2139.4919
2140.4238
2141.3556
2142.2874
2143.2193
2144.1511
2145.0829
2146.0148
2146.9466
2147.8784
2148.8103
2149.7421
2150.6739
2151.6058
2152.5376
2153.4694
2154.4013
2155.3331
2156.2649
2157.1968
2158.1286
2159.0604
2159.9923
2160.9241
2161.8559
2162.7878
2163.7196
2164.6514
2165.5833
2166.5151
2167.447
2168.3788
2169.3106
2170.2425
2171.1743
2172.1061
2173.038
2173.9698
2174.9016
2175.8335
2176.7653
2177.6971
2178.629
2179.5608
2180.4926
2181.4245
2182.3563
2183.2881
2184.22
2185.1518
2186.0836
2187.0155
2187.9473
2188.8791
2189.811
2190.7428
2191.6746
2192.6065
2193.5383
2194.4702
2195.402
2196.3338
2197.2657
2198.1975
2199.1293
2200.0612
2200.993
2201.9248
2202.8567
2203.7885
2204.7203
2205.6522
2206.584
2207.5158
2208.4477
2209.3795
2210.3113
2211.2432
2212.175
2213.1068
2214.0387
2214.9705
2215.9023
2216.8342
2217.766
2218.6978
2219.6297
2220.5615
2221.4934
2222.4252
2223.357
2224.2889
2225.2207
2226.1525
2227.0844
2228.0162
2228.948
2229.8799
2230.8117
2231.7435
2232.6754
2233.6072
2234.539
2235.4709
2236.4027
2237.3345
2238.2664
2239.1982
2240.13
2241.0619
2241.9937
2242.9255
2243.8574
2244.7892
2245.721
2246.6529
2247.5847
2248.5166
2249.4484
2250.3802
2251.3121
2252.2439
2253.1757
2254.1076
2255.0394
2255.9712
2256.9031
2257.8349
2258.7667
2259.6986
2260.6304
2261.5622
2262.4941
2263.4259
2264.3577
2265.2896
2266.2214
2267.1532
2268.0851
2269.0169
2269.9487
2270.8806
2271.8124
2272.7442
2273.6761
2274.6079
2275.5397
2276.4716
2277.4034
2278.3353
2279.2671
2280.1989
2281.1308
2282.0626
2282.9944
2283.9263
2284.8581
2285.7899
2286.7218
2287.6536
2288.5854
2289.5173
2290.4491
2291.3809
2292.3128
2293.2446
2294.1764
2295.1083
2296.0401
2296.9719
2297.9038
2298.8356
2299.7674
2300.6993
2301.6311
2302.5629
2303.4948
2304.4266
2305.3585
2306.2903
2307.2221
2308.154
2309.0858
2310.0176
2310.9495
2311.8813
2312.8131
2313.745
2314.6768
2315.6086
2316.5405
2317.4723
2318.4041
2319.336
2320.2678
2321.1996
2322.1315
2323.0633
2323.9951
2324.927
2325.8588
2326.7906
2327.7225
2328.6543
2329.5861
2330.518
2331.4498
2332.3817
2333.3135
2334.2453
2335.1772
2336.109
2337.0408
2337.9727
2338.9045
2339.8363
2340.7682
2341.7
2342.6318
2343.5637
2344.4955
2345.4273
2346.3592
2347.291
2348.2228
2349.1547
2350.0865
2351.0183
2351.9502
2352.882
2353.8138
2354.7457
2355.6775
2356.6093
2357.5412
2358.473
2359.4049
2360.3367
2361.2685
2362.2004
2363.1322
2364.064
2364.9959
2365.9277
2366.8595
2367.7914
2368.7232
2369.655
2370.5869
2371.5187
2372.4505
2373.3824
2374.3142
2375.246
2376.1779
2377.1097
2378.0415
2378.9734
2379.9052
2380.837
2381.7689
2382.7007
2383.6325
2384.5644
2385.4962
2386.4281
2387.3599
2388.2917
2389.2236
2390.1554
2391.0872
2392.0191
2392.9509
2393.8827
2394.8146
2395.7464
2396.6782
2397.6101
2398.5419
2399.4737
2400.4056
2401.3374
2402.2692
2403.2011
2404.1329
2405.0647
2405.9966
2406.9284
2407.8602
2408.7921
2409.7239
2410.6557
2411.5876
2412.5194
2413.4512
2414.3831
2415.3149
2416.2468
2417.1786
2418.1104
2419.0423
2419.9741
2420.9059
2421.8378
2422.7696
2423.7014
2424.6333
2425.5651
2426.4969
2427.4288
2428.3606
2429.2924
2430.2243
2431.1561
2432.0879
2433.0198
2433.9516
2434.8834
2435.8153
2436.7471
2437.6789
2438.6108
2439.5426
2440.4744
2441.4063
2442.3381
2443.27
2444.2018
2445.1336
2446.0655
2446.9973
2447.9291
2448.861
2449.7928
2450.7246
2451.6565
2452.5883
2453.5201
2454.452
2455.3838
2456.3156
2457.2475
2458.1793
2459.1111
2460.043
2460.9748
2461.9066
2462.8385
2463.7703
2464.7021
2465.634
2466.5658
2467.4976
2468.4295
2469.3613
2470.2932
2471.225
2472.1568
2473.0887
2474.0205
2474.9523
2475.8842
2476.816
2477.7478
2478.6797
2479.6115
2480.5433
2481.4752
2482.407
2483.3388
2484.2707
2485.2025
2486.1343
2487.0662
2487.998
2488.9298
2489.8617
2490.7935
2491.7253
2492.6572
2493.589
2494.5208
2495.4527
2496.3845
2497.3164
2498.2482
2499.18
2500.1119
2501.0437
2501.9755
2502.9074
2503.8392
2504.771
2505.7029
2506.6347
2507.5665
2508.4984
2509.4302
2510.362
2511.2939
2512.2257
2513.1575
2514.0894
2515.0212
2515.953
2516.8849
2517.8167
2518.7485
2519.6804
2520.6122
2521.544
2522.4759
2523.4077
2524.3396
2525.2714
2526.2032
2527.1351
2528.0669
2528.9987
2529.9306
2530.8624
2531.7942
2532.7261
2533.6579
2534.5897
2535.5216
2536.4534
2537.3852
2538.3171
2539.2489
2540.1807
2541.1126
2542.0444
2542.9762
2543.9081
2544.8399
2545.7717
2546.7036
2547.6354
2548.5672
2549.4991
2550.4309
2551.3627
2552.2946
2553.2264
2554.1583
2555.0901
2556.0219
2556.9538
2557.8856
2558.8174
2559.7493
2560.6811
2561.6129
2562.5448
2563.4766
2564.4084
2565.3403
2566.2721
2567.2039
2568.1358
2569.0676
2569.9994
2570.9313
2571.8631
2572.7949
2573.7268
2574.6586
2575.5904
2576.5223
2577.4541
2578.3859
2579.3178
2580.2496
2581.1815
2582.1133
2583.0451
2583.977
2584.9088
2585.8406
2586.7725
2587.7043
2588.6361
2589.568
2590.4998
2591.4316
2592.3635
2593.2953
2594.2271
2595.159
2596.0908
2597.0226
2597.9545
2598.8863
2599.8181
2600.75
2601.6818
2602.6136
2603.5455
2604.4773
2605.4091
2606.341
2607.2728
2608.2047
2609.1365
2610.0683
2611.0002
2611.932
2612.8638
2613.7957
2614.7275
2615.6593
2616.5912
2617.523
2618.4548
2619.3867
2620.3185
2621.2503
2622.1822
2623.114
2624.0458
2624.9777
2625.9095
2626.8413
2627.7732
2628.705
2629.6368
2630.5687
2631.5005
2632.4323
2633.3642
2634.296
2635.2279
2636.1597
2637.0915
2638.0234
2638.9552
2639.887
2640.8189
2641.7507
2642.6825
2643.6144
2644.5462
2645.478
2646.4099
2647.3417
2648.2735
2649.2054
2650.1372
2651.069
2652.0009
2652.9327
2653.8645
2654.7964
2655.7282
2656.66
2657.5919
2658.5237
2659.4555
2660.3874
2661.3192
2662.2511
2663.1829
2664.1147
2665.0466
2665.9784
2666.9102
2667.8421
2668.7739
2669.7057
2670.6376
2671.5694
2672.5012
2673.4331
2674.3649
2675.2967
2676.2286
2677.1604
2678.0922
2679.0241
2679.9559
2680.8877
2681.8196
2682.7514
2683.6832
2684.6151
2685.5469
2686.4787
2687.4106
2688.3424
2689.2742
2690.2061
2691.1379
2692.0698
2693.0016
2693.9334
2694.8653
2695.7971
2696.7289
2697.6608
2698.5926
2699.5244
2700.4563
2701.3881
2702.3199
2703.2518
2704.1836
2705.1154
2706.0473
2706.9791
2707.9109
2708.8428
2709.7746
2710.7064
2711.6383
2712.5701
2713.5019
2714.4338
2715.3656
2716.2974
2717.2293
2718.1611
2719.093
2720.0248
2720.9566
2721.8885
2722.8203
2723.7521
2724.684
2725.6158
2726.5476
2727.4795
2728.4113
2729.3431
2730.275
2731.2068
2732.1386
2733.0705
2734.0023
2734.9341
2735.866
2736.7978
2737.7296
2738.6615
2739.5933
2740.5251
2741.457
2742.3888
2743.3206
2744.2525
2745.1843
2746.1162
2747.048
2747.9798
2748.9117
2749.8435
2750.7753
2751.7072
2752.639
2753.5708
2754.5027
2755.4345
2756.3663
2757.2982
2758.23
2759.1618
2760.0937
2761.0255
2761.9573
2762.8892
2763.821
2764.7528
2765.6847
2766.6165
2767.5483
2768.4802
2769.412
2770.3438
2771.2757
2772.2075
2773.1394
2774.0712
2775.003
2775.9349
2776.8667
2777.7985
2778.7304
2779.6622
2780.594
2781.5259
2782.4577
2783.3895
2784.3214
2785.2532
2786.185
2787.1169
2788.0487
2788.9805
2789.9124
2790.8442
2791.776
2792.7079
2793.6397
2794.5715
2795.5034
2796.4352
2797.367
2798.2989
2799.2307
2800.1626
2801.0944
2802.0262
2802.9581
2803.8899
2804.8217
2805.7536
2806.6854
2807.6172
2808.5491
2809.4809
2810.4127
2811.3446
2812.2764
2813.2082
2814.1401
2815.0719
2816.0037
2816.9356
2817.8674
2818.7992
2819.7311
2820.6629
2821.5947
2822.5266
2823.4584
2824.3902
2825.3221
2826.2539
2827.1857
2828.1176
2829.0494
2829.9813
2830.9131
2831.8449
2832.7768
2833.7086
2834.6404
2835.5723
2836.5041
2837.4359
2838.3678
2839.2996
2840.2314
2841.1633
2842.0951
2843.0269
2843.9588
2844.8906
2845.8224
2846.7543
2847.6861
2848.6179
2849.5498
2850.4816
2851.4134
2852.3453
2853.2771
2854.2089
2855.1408
2856.0726
2857.0045
2857.9363
2858.8681
2859.8
2860.7318
2861.6636
2862.5955
2863.5273
2864.4591
2865.391
2866.3228
2867.2546
2868.1865
2869.1183
2870.0501
2870.982
2871.9138
2872.8456
2873.7775
2874.7093
2875.6411
2876.573
2877.5048
2878.4366
2879.3685
2880.3003
2881.2321
2882.164
2883.0958
2884.0277
2884.9595
2885.8913
2886.8232
2887.755
2888.6868
2889.6187
2890.5505
2891.4823
2892.4142
2893.346
2894.2778
2895.2097
2896.1415
2897.0733
2898.0052
2898.937
2899.8688
2900.8007
2901.7325
2902.6643
2903.5962
2904.528
2905.4598
2906.3917
2907.3235
2908.2553
2909.1872
2910.119
2911.0509
2911.9827
2912.9145
2913.8464
2914.7782
2915.71
2916.6419
2917.5737
2918.5055
2919.4374
2920.3692
2921.301
2922.2329
2923.1647
2924.0965
2925.0284
2925.9602
2926.892
2927.8239
2928.7557
2929.6875
2930.6194
2931.5512
2932.483
2933.4149
2934.3467
2935.2785
2936.2104
2937.1422
2938.0741
2939.0059
2939.9377
2940.8696
2941.8014
2942.7332
2943.6651
2944.5969
2945.5287
2946.4606
2947.3924
2948.3242
2949.2561
2950.1879
2951.1197
2952.0516
2952.9834
2953.9152
2954.8471
2955.7789
2956.7107
2957.6426
2958.5744
2959.5062
2960.4381
2961.3699
2962.3017
2963.2336
2964.1654
2965.0972
2966.0291
2966.9609
2967.8928
2968.8246
2969.7564
2970.6883
2971.6201
2972.5519
2973.4838
2974.4156
2975.3474
2976.2793
2977.2111
2978.1429
2979.0748
2980.0066
2980.9384
2981.8703
2982.8021
2983.7339
2984.6658
2985.5976
2986.5294
2987.4613
2988.3931
2989.3249
2990.2568
2991.1886
2992.1204
2993.0523
2993.9841
2994.916
2995.8478
2996.7796
2997.7115
2998.6433
2999.5751
3000.507
3001.4388
3002.3706
3003.3025
3004.2343
3005.1661
3006.098
3007.0298
3007.9616
3008.8935
3009.8253
3010.7571
3011.689
3012.6208
3013.5526
3014.4845
3015.4163
3016.3481
3017.28
3018.2118
3019.1436
3020.0755
3021.0073
3021.9392
3022.871
3023.8028
3024.7347
3025.6665
3026.5983
3027.5302
3028.462
3029.3938
3030.3257
3031.2575
3032.1893
3033.1212
3034.053
3034.9848
3035.9167
3036.8485
3037.7803
3038.7122
3039.644
3040.5758
3041.5077
3042.4395
3043.3713
3044.3032
3045.235
3046.1668
3047.0987
3048.0305
3048.9624
3049.8942
3050.826
3051.7579
3052.6897
3053.6215
3054.5534
3055.4852
3056.417
3057.3489
3058.2807
3059.2125
3060.1444
3061.0762
3062.008
3062.9399
3063.8717
3064.8035
3065.7354
3066.6672
3067.599
3068.5309
3069.4627
3070.3945
3071.3264
3072.2582
3073.19
3074.1219
3075.0537
3075.9856
3076.9174
3077.8492
3078.7811
3079.7129
3080.6447
3081.5766
3082.5084
3083.4402
3084.3721
3085.3039
3086.2357
3087.1676
3088.0994
3089.0312
3089.9631
3090.8949
3091.8267
3092.7586
3093.6904
3094.6222
3095.5541
3096.4859
3097.4177
3098.3496
3099.2814
3100.2132
3101.1451
3102.0769
3103.0087
3103.9406
3104.8724
3105.8043
3106.7361
3107.6679
3108.5998
3109.5316
3110.4634
3111.3953
3112.3271
3113.2589
3114.1908
3115.1226
3116.0544
3116.9863
3117.9181
3118.8499
3119.7818
3120.7136
3121.6454
3122.5773
3123.5091
3124.4409
3125.3728
3126.3046
3127.2364
3128.1683
3129.1001
3130.0319
3130.9638
3131.8956
3132.8275
3133.7593
3134.6911
3135.623
3136.5548
3137.4866
3138.4185
3139.3503
3140.2821
3141.214
3142.1458
3143.0776
3144.0095
3144.9413
3145.8731
3146.805
3147.7368
3148.6686
3149.6005
3150.5323
3151.4641
3152.396
3153.3278
3154.2596
3155.1915
3156.1233
3157.0551
3157.987
3158.9188
3159.8507
3160.7825
3161.7143
3162.6462
3163.578
3164.5098
3165.4417
3166.3735
3167.3053
3168.2372
3169.169
3170.1008
3171.0327
3171.9645
3172.8963
3173.8282
3174.76
3175.6918
3176.6237
3177.5555
3178.4873
3179.4192
3180.351
3181.2828
3182.2147
3183.1465
3184.0783
3185.0102
3185.942
3186.8739
3187.8057
3188.7375
3189.6694
3190.6012
3191.533
3192.4649
3193.3967
3194.3285
3195.2604
3196.1922
3197.124
3198.0559
3198.9877
3199.9195
3200.8514
3201.7832
3202.715
3203.6469
3204.5787
3205.5105
3206.4424
3207.3742
3208.306
3209.2379
3210.1697
3211.1015
3212.0334
3212.9652
3213.8971
3214.8289
3215.7607
3216.6926
3217.6244
3218.5562
3219.4881
3220.4199
3221.3517
3222.2836
3223.2154
3224.1472
3225.0791
3226.0109
3226.9427
3227.8746
3228.8064
3229.7382
3230.6701
3231.6019
3232.5337
3233.4656
3234.3974
3235.3292
3236.2611
3237.1929
3238.1247
3239.0566
3239.9884
3240.9202
3241.8521
3242.7839
3243.7158
3244.6476
3245.5794
3246.5113
3247.4431
3248.3749
3249.3068
3250.2386
3251.1704
3252.1023
3253.0341
3253.9659
3254.8978
3255.8296
3256.7614
3257.6933
3258.6251
3259.5569
3260.4888
3261.4206
3262.3524
3263.2843
3264.2161
3265.1479
3266.0798
3267.0116
3267.9434
3268.8753
3269.8071
3270.739
3271.6708
3272.6026
3273.5345
3274.4663
3275.3981
3276.33
3277.2618
3278.1936
3279.1255
3280.0573
3280.9891
3281.921
3282.8528
3283.7846
3284.7165
3285.6483
3286.5801
3287.512
3288.4438
3289.3756
3290.3075
3291.2393
3292.1711
3293.103
3294.0348
3294.9666
3295.8985
3296.8303
3297.7622
3298.694
3299.6258
3300.5577
3301.4895
3302.4213
3303.3532
3304.285
3305.2168
3306.1487
3307.0805
3308.0123
3308.9442
3309.876
3310.8078
3311.7397
3312.6715
3313.6033
3314.5352
3315.467
3316.3988
3317.3307
3318.2625
3319.1943
3320.1262
3321.058
3321.9898
3322.9217
3323.8535
3324.7854
3325.7172
3326.649
3327.5809
3328.5127
3329.4445
3330.3764
3331.3082
3332.24
3333.1719
3334.1037
3335.0355
3335.9674
3336.8992
3337.831
3338.7629
3339.6947
3340.6265
3341.5584
3342.4902
3343.422
3344.3539
3345.2857
3346.2175
3347.1494
3348.0812
3349.013
3349.9449
3350.8767
3351.8086
3352.7404
3353.6722
3354.6041
3355.5359
3356.4677
3357.3996
3358.3314
3359.2632
3360.1951
3361.1269
3362.0587
3362.9906
3363.9224
3364.8542
3365.7861
3366.7179
3367.6497
3368.5816
3369.5134
3370.4452
3371.3771
3372.3089
3373.2407
3374.1726
3375.1044
3376.0362
3376.9681
3377.8999
3378.8317
3379.7636
3380.6954
3381.6273
3382.5591
3383.4909
3384.4228
3385.3546
3386.2864
3387.2183
3388.1501
3389.0819
3390.0138
3390.9456
3391.8774
3392.8093
3393.7411
3394.6729
3395.6048
3396.5366
3397.4684
3398.4003
3399.3321
3400.2639
3401.1958
3402.1276
3403.0594
3403.9913
3404.9231
3405.8549
3406.7868
3407.7186
3408.6505
3409.5823
3410.5141
3411.446
3412.3778
3413.3096
3414.2415
3415.1733
3416.1051
3417.037
3417.9688
3418.9006
3419.8325
3420.7643
3421.6961
3422.628
3423.5598
3424.4916
3425.4235
3426.3553
3427.2871
3428.219
3429.1508
3430.0826
3431.0145
3431.9463
3432.8781
3433.81
3434.7418
3435.6737
3436.6055
3437.5373
3438.4692
3439.401
3440.3328
3441.2647
3442.1965
3443.1283
3444.0602
3444.992
3445.9238
3446.8557
3447.7875
3448.7193
3449.6512
3450.583
3451.5148
3452.4467
3453.3785
3454.3103
3455.2422
3456.174
3457.1058
3458.0377
3458.9695
3459.9013
3460.8332
3461.765
3462.6969
3463.6287
3464.5605
3465.4924
3466.4242
3467.356
3468.2879
3469.2197
3470.1515
3471.0834
3472.0152
3472.947
3473.8789
3474.8107
3475.7425
3476.6744
3477.6062
3478.538
3479.4699
3480.4017
3481.3335
3482.2654
3483.1972
3484.129
3485.0609
3485.9927
3486.9245
3487.8564
3488.7882
3489.7201
3490.6519
3491.5837
3492.5156
3493.4474
3494.3792
3495.3111
3496.2429
3497.1747
3498.1066
3499.0384
3499.9702
3500.9021
3501.8339
3502.7657
3503.6976
3504.6294
3505.5612
3506.4931
3507.4249
3508.3567
3509.2886
3510.2204
3511.1522
3512.0841
3513.0159
3513.9477
3514.8796
3515.8114
3516.7432
3517.6751
3518.6069
3519.5388
3520.4706
3521.4024
3522.3343
3523.2661
3524.1979
3525.1298
3526.0616
3526.9934
3527.9253
3528.8571
3529.7889
3530.7208
3531.6526
3532.5844
3533.5163
3534.4481
3535.3799
3536.3118
3537.2436
3538.1754
3539.1073
3540.0391
3540.9709
3541.9028
3542.8346
3543.7664
3544.6983
3545.6301
3546.562
3547.4938
3548.4256
3549.3575
3550.2893
3551.2211
3552.153
3553.0848
3554.0166
3554.9485
3555.8803
3556.8121
3557.744
3558.6758
3559.6076
3560.5395
3561.4713
3562.4031
3563.335
3564.2668
3565.1986
3566.1305
3567.0623
3567.9941
3568.926
3569.8578
3570.7896
3571.7215
3572.6533
3573.5852
3574.517
3575.4488
3576.3807
3577.3125
3578.2443
3579.1762
3580.108
3581.0398
3581.9717
3582.9035
3583.8353
3584.7672
3585.699
3586.6308
3587.5627
3588.4945
3589.4263
3590.3582
3591.29
3592.2218
3593.1537
3594.0855
3595.0173
3595.9492
3596.881
3597.8128
3598.7447
3599.6765
3600.6084
3601.5402
3602.472
3603.4039
3604.3357
3605.2675
3606.1994
3607.1312
3608.063
3608.9949
3609.9267
3610.8585
3611.7904
3612.7222
3613.654
3614.5859
3615.5177
3616.4495
3617.3814
3618.3132
3619.245
3620.1769
3621.1087
3622.0405
3622.9724
3623.9042
3624.836
3625.7679
3626.6997
3627.6316
3628.5634
3629.4952
3630.4271
3631.3589
3632.2907
3633.2226
3634.1544
3635.0862
3636.0181
3636.9499
3637.8817
3638.8136
3639.7454
3640.6772
3641.6091
3642.5409
3643.4727
3644.4046
3645.3364
3646.2682
3647.2001
3648.1319
3649.0637
3649.9956
3650.9274
3651.8592
3652.7911
3653.7229
3654.6547
3655.5866
3656.5184
3657.4503
3658.3821
3659.3139
3660.2458
3661.1776
3662.1094
3663.0413
3663.9731
3664.9049
3665.8368
3666.7686
3667.7004
3668.6323
3669.5641
3670.4959
3671.4278
3672.3596
3673.2914
3674.2233
3675.1551
3676.0869
3677.0188
3677.9506
3678.8824
3679.8143
3680.7461
3681.6779
3682.6098
3683.5416
3684.4735
3685.4053
3686.3371
3687.269
3688.2008
3689.1326
3690.0645
3690.9963
3691.9281
3692.86
3693.7918
3694.7236
3695.6555
3696.5873
3697.5191
3698.451
3699.3828
3700.3146
3701.2465
3702.1783
3703.1101
3704.042
3704.9738
3705.9056
3706.8375
3707.7693
3708.7011
3709.633
3710.5648
3711.4967
3712.4285
3713.3603
3714.2922
3715.224
3716.1558
3717.0877
3718.0195
3718.9513
3719.8832
3720.815
3721.7468
3722.6787
3723.6105
3724.5423
3725.4742
3726.406
3727.3378
3728.2697
3729.2015
3730.1333
3731.0652
3731.997
3732.9288
3733.8607
3734.7925
3735.7243
3736.6562
3737.588
3738.5199
3739.4517
3740.3835
3741.3154
3742.2472
3743.179
3744.1109
3745.0427
3745.9745
3746.9064
3747.8382
3748.77
3749.7019
3750.6337
3751.5655
3752.4974
3753.4292
3754.361
3755.2929
3756.2247
3757.1565
3758.0884
3759.0202
3759.952
3760.8839
3761.8157
3762.7475
3763.6794
3764.6112
3765.5431
3766.4749
3767.4067
3768.3386
3769.2704
3770.2022
3771.1341
3772.0659
3772.9977
3773.9296
3774.8614
3775.7932
3776.7251
3777.6569
3778.5887
3779.5206
3780.4524
3781.3842
3782.3161
3783.2479
3784.1797
3785.1116
3786.0434
3786.9752
3787.9071
3788.8389
3789.7707
3790.7026
3791.6344
3792.5662
3793.4981
3794.4299
3795.3618
3796.2936
3797.2254
3798.1573
3799.0891
3800.0209
3800.9528
3801.8846
3802.8164
3803.7483
3804.6801
3805.6119
3806.5438
3807.4756
3808.4074
3809.3393
3810.2711
3811.2029
3812.1348
3813.0666
3813.9984
3814.9303
3815.8621
3816.7939
3817.7258
3818.6576
3819.5894
3820.5213
3821.4531
3822.385
3823.3168
3824.2486
3825.1805
3826.1123
3827.0441
3827.976
3828.9078
3829.8396
3830.7715
3831.7033
3832.6351
3833.567
3834.4988
3835.4306
3836.3625
3837.2943
3838.2261
3839.158
3840.0898
3841.0216
3841.9535
3842.8853
3843.8171
3844.749
3845.6808
3846.6126
3847.5445
3848.4763
3849.4082
3850.34
3851.2718
3852.2037
3853.1355
3854.0673
3854.9992
3855.931
3856.8628
3857.7947
3858.7265
3859.6583
3860.5902
3861.522
3862.4538
3863.3857
3864.3175
3865.2493
3866.1812
3867.113
3868.0448
3868.9767
3869.9085
3870.8403
3871.7722
3872.704
3873.6358
3874.5677
3875.4995
3876.4314
3877.3632
3878.295
3879.2269
3880.1587
3881.0905
3882.0224
3882.9542
3883.886
3884.8179
3885.7497
3886.6815
3887.6134
3888.5452
3889.477
3890.4089
3891.3407
3892.2725
3893.2044
3894.1362
3895.068
3895.9999
3896.9317
3897.8635
3898.7954
3899.7272
3900.659
3901.5909
3902.5227
3903.4546
3904.3864
3905.3182
3906.2501
3907.1819
3908.1137
3909.0456
3909.9774
3910.9092
3911.8411
3912.7729
3913.7047
3914.6366
3915.5684
3916.5002
3917.4321
3918.3639
3919.2957
3920.2276
3921.1594
3922.0912
3923.0231
3923.9549
3924.8867
3925.8186
3926.7504
3927.6822
3928.6141
3929.5459
3930.4777
3931.4096
3932.3414
3933.2733
3934.2051
3935.1369
3936.0688
3937.0006
3937.9324
3938.8643
3939.7961
3940.7279
3941.6598
3942.5916
3943.5234
3944.4553
3945.3871
3946.3189
3947.2508
3948.1826
3949.1144
3950.0463
3950.9781
3951.9099
3952.8418
3953.7736
3954.7054
3955.6373
3956.5691
3957.5009
3958.4328
3959.3646
3960.2965
3961.2283
3962.1601
3963.092
3964.0238
3964.9556
3965.8875
3966.8193
3967.7511
3968.683
3969.6148
3970.5466
3971.4785
3972.4103
3973.3421
3974.274
3975.2058
3976.1376
3977.0695
3978.0013
3978.9331
3979.865
3980.7968
3981.7286
3982.6605
3983.5923
3984.5241
3985.456
3986.3878
3987.3197
3988.2515
3989.1833
3990.1152
3991.047
3991.9788
3992.9107
3993.8425
3994.7743
3995.7062
3996.638
3997.5698
3998.5017
3999.4335
4000.3653